124072023042
124152023048
124232021014
124232023001
124232023002
124232023003
124232023004
124232023005
124232023006
124232023007
124232023008
124232023009
124232023010
124232023011
124232023012
124232023014
124232023015
124232023016
124232023017
124232023018
124232023019
124232023020
124232023021
124232023022
124232023023
124232023024
124232023025
124232023026
124232023027
124232023028
124232023029
124232023030
124232023031
124232023032
124232023033
124232023034
124232023035
124232023036
124232023037
124232023038
124232023039
124232023040
124232023041
124232023042
124232023043
124232023044
124232023045
124232023046
124232023047
124232023049
124232023050
124232023051
124232023052
124232023053
124232023054
124232023055
124232023056
124232023057
124232023058
124232023059
124232023060
124232023061
124232023062
124232023063
124232023064
124232023065
124232023066
124232023067
124232023068
124232023069
124232023070
124232023071
124232023072
124232023073
124232023075
124232023076
124232023077
124232023078
124242023039
124262023017
124262023067
124322023059
124352023033