124722024002
124722024007
124722024010
124722024014
124722024018
124722024019
124722024020
124722024021
124722024026
124722024027
124722024028
124722024029
124722024033
124722024035
124722024036
124722024037
124722024044
124722024045
124722024046
124722024050
124722024051
124722024053
124722024055
124722024060
124722024062
124722024065
124722024067
124722024070
124722024073
124722024075
124722024076
124722024077
124722024083
124722024087
124722024090
124722024092
124722024093
124722024094
124722024095
124722024096
124722024097
124722024099
124722024101
124722024102
124722024104
124722024105
124722024106
124722024113
124722024114
124722024116
124722024120
124722024122
124722024123
124722024126
124722024128
124722024129
124722024132
124722024134
124722024138
124722024141
124722024144
124722024147
124722024151
124722024155
124722024157
124722024159
124722024160
124722024161
124722024166
124722024167
124722024170
124722024171
124722024172