124722022065
124722024088
124722024090
124722024091
124722024092
124722024093
124722024094
124722024095
124722024096
124722024097
124722024098
124722024099
124722024100
124722024101
124722024102
124722024103
124722024104
124722024105
124722024106
124722024107
124722024108
124722024110
124722024111
124722024112
124722024113
124722024114
124722024115
124722024116
124722024117
124722024118
124722024119
124722024120
124722024121
124722024122
124722024123
124722024124
124722024125
124722024126
124722024127
124722024128
124722024129
124722024130
124722024131
124722024132
124722024133
124722024134
124722024135
124722024136
124722024137
124722024138
124722024139
124722024140
124722024141
124722024142
124722024143
124722024144
124722024145
124722024146
124722024147
124722024149
124722024151
124722024152
124722024153
124722024154
124722024155
124722024157
124722024158
124722024159
124722024160
124722024161
124722024162
124722024163
124722024164
124722024165
124722024166
124722024167
124722024168
124722024169
124722024170
124722024171
124722024172
124722024174
124722024175
